286.25	200
286.25	200.25
286.249	200.5
286.247	200.749
286.244	200.999
286.241	201.249
286.237	201.499
286.232	201.748
286.227	201.998
286.221	202.248
286.214	202.497
286.206	202.747
286.198	202.997
286.189	203.246
286.179	203.496
286.169	203.745
286.157	203.995
286.146	204.244
286.133	204.494
286.119	204.743
286.105	204.993
286.091	205.242
286.075	205.491
286.059	205.74
286.042	205.99
286.024	206.239
286.006	206.488
285.986	206.737
285.967	206.986
285.946	207.235
285.925	207.484
285.903	207.732
285.88	207.981
285.856	208.23
285.832	208.478
285.807	208.727
285.782	208.975
285.755	209.224
285.728	209.472
285.701	209.72
285.672	209.968
285.643	210.217
285.613	210.464
285.582	210.712
285.551	210.96
285.519	211.208
285.486	211.455
285.452	211.703
285.418	211.95
285.383	212.198
285.347	212.445
285.311	212.692
285.274	212.939
285.236	213.186
285.198	213.433
285.158	213.679
285.118	213.926
285.078	214.172
285.036	214.419
284.994	214.665
284.951	214.911
284.908	215.157
284.864	215.403
284.819	215.648
284.773	215.894
284.727	216.139
284.679	216.385
284.632	216.63
284.583	216.875
284.534	217.12
284.484	217.364
284.433	217.609
284.382	217.853
284.33	218.098
284.277	218.342
284.224	218.586
284.17	218.83
284.115	219.073
284.059	219.317
284.003	219.56
283.946	219.803
283.888	220.046
283.83	220.289
283.771	220.532
283.711	220.774
283.65	221.017
283.589	221.259
283.527	221.501
283.464	221.743
283.401	221.984
283.337	222.226
283.272	222.467
283.207	222.708
283.141	222.949
283.074	223.189
283.007	223.43
282.938	223.67
282.87	223.91
282.8	224.15
282.73	224.39
282.659	224.629
282.587	224.869
282.515	225.108
282.442	225.347
282.368	225.585
282.293	225.824
282.218	226.062
282.142	226.3
282.066	226.538
281.989	226.775
281.911	227.012
281.832	227.249
281.753	227.486
281.673	227.723
281.593	227.959
281.511	228.196
281.429	228.431
281.347	228.667
281.263	228.903
281.179	229.138
281.094	229.373
281.009	229.607
280.923	229.842
280.836	230.076
280.749	230.31
280.661	230.544
280.572	230.777
280.482	231.01
280.392	231.243
280.301	231.476
280.21	231.709
280.118	231.941
280.025	232.173
279.931	232.404
279.837	232.635
279.742	232.867
279.647	233.097
279.551	233.328
279.454	233.558
279.356	233.788
279.258	234.018
279.159	234.247
279.06	234.476
278.96	234.705
278.859	234.933
278.757	235.162
278.655	235.39
278.552	235.617
278.449	235.845
278.345	236.072
278.24	236.298
278.135	236.525
278.028	236.751
277.922	236.977
277.814	237.202
277.706	237.427
277.598	237.652
277.488	237.877
277.378	238.101
277.267	238.325
277.156	238.549
277.044	238.772
276.932	238.995
276.818	239.217
276.704	239.44
276.59	239.662
276.475	239.883
276.359	240.105
276.242	240.325
276.125	240.546
276.008	240.766
275.889	240.986
275.77	241.206
275.651	241.425
275.53	241.644
275.409	241.863
275.288	242.081
275.166	242.299
275.043	242.516
274.919	242.733
274.795	242.95
274.671	243.166
274.545	243.383
274.419	243.598
274.293	243.814
274.166	244.029
274.038	244.243
273.909	244.457
273.78	244.671
273.651	244.885
273.52	245.098
273.39	245.31
273.258	245.523
273.126	245.735
272.993	245.946
272.86	246.158
272.726	246.368
272.591	246.579
272.456	246.789
272.32	246.998
272.184	247.208
272.047	247.416
271.909	247.625
271.771	247.833
271.632	248.041
271.493	248.248
271.353	248.455
271.212	248.661
271.071	248.867
270.929	249.073
270.787	249.278
270.644	249.483
270.5	249.687
270.356	249.891
270.211	250.095
270.066	250.298
269.92	250.5
269.773	250.703
269.626	250.904
269.478	251.106
269.33	251.307
269.181	251.507
269.032	251.708
268.882	251.907
268.731	252.106
268.58	252.305
268.428	252.504
268.276	252.702
268.123	252.899
267.97	253.096
267.816	253.293
267.661	253.489
267.506	253.685
267.35	253.88
267.194	254.075
267.037	254.269
266.879	254.463
266.721	254.656
266.563	254.849
266.404	255.042
266.244	255.234
266.084	255.426
265.923	255.617
265.762	255.807
265.6	255.998
265.437	256.187
265.274	256.377
265.111	256.565
264.947	256.754
264.782	256.942
264.617	257.129
264.451	257.316
264.285	257.502
264.118	257.688
263.951	257.874
263.783	258.059
263.615	258.243
263.446	258.427
263.276	258.61
263.106	258.793
262.936	258.976
262.765	259.158
262.593	259.339
262.421	259.52
262.248	259.701
262.075	259.881
261.902	260.06
261.727	260.24
261.553	260.418
261.377	260.596
261.202	260.773
261.025	260.95
260.849	261.127
260.671	261.303
260.494	261.478
260.315	261.653
260.137	261.828
259.957	262.002
259.777	262.175
259.597	262.348
259.416	262.52
259.235	262.692
259.053	262.863
258.871	263.034
258.688	263.204
258.505	263.374
258.321	263.543
258.137	263.712
257.952	263.88
257.767	264.047
257.581	264.214
257.395	264.381
257.208	264.547
257.021	264.712
256.833	264.877
256.645	265.041
256.457	265.205
256.268	265.368
256.078	265.531
255.888	265.693
255.698	265.855
255.507	266.016
255.315	266.176
255.124	266.336
254.931	266.495
254.738	266.654
254.545	266.812
254.351	266.97
254.157	267.127
253.963	267.284
253.768	267.44
253.572	267.595
253.376	267.75
253.18	267.904
252.983	268.058
252.785	268.211
252.588	268.364
252.39	268.516
252.191	268.667
251.992	268.818
251.792	268.968
251.592	269.118
251.392	269.267
251.191	269.416
250.99	269.564
250.788	269.711
250.586	269.858
250.384	270.004
250.181	270.15
249.977	270.295
249.774	270.439
249.569	270.583
249.365	270.726
249.16	270.869
248.954	271.011
248.749	271.152
248.542	271.293
248.336	271.433
248.129	271.573
247.921	271.712
247.713	271.851
247.505	271.988
247.296	272.126
247.087	272.262
246.878	272.398
246.668	272.534
246.458	272.669
246.247	272.803
246.036	272.937
245.825	273.07
245.613	273.202
245.401	273.334
245.188	273.465
244.975	273.596
244.762	273.725
244.548	273.855
244.334	273.983
244.12	274.112
243.905	274.239
243.69	274.366
243.474	274.492
243.258	274.618
243.042	274.743
242.825	274.867
242.608	274.991
242.391	275.114
242.173	275.236
241.955	275.358
241.737	275.479
241.518	275.6
241.299	275.72
241.08	275.839
240.86	275.957
240.64	276.076
240.419	276.193
240.198	276.31
239.977	276.426
239.756	276.541
239.534	276.656
239.312	276.77
239.089	276.884
238.866	276.997
238.643	277.109
238.42	277.22
238.196	277.331
237.972	277.442
237.748	277.551
237.523	277.66
237.298	277.768
237.072	277.876
236.847	277.983
236.621	278.09
236.394	278.195
236.168	278.3
235.941	278.405
235.714	278.509
235.486	278.612
235.258	278.714
235.03	278.816
234.802	278.917
234.573	279.017
234.344	279.117
234.115	279.216
233.886	279.315
233.656	279.413
233.426	279.51
233.195	279.606
232.965	279.702
232.734	279.797
232.502	279.892
232.271	279.985
232.039	280.078
231.807	280.171
231.575	280.263
231.342	280.354
231.109	280.444
230.876	280.534
230.643	280.623
230.409	280.711
230.175	280.799
229.941	280.886
229.707	280.973
229.472	281.058
229.238	281.143
229.002	281.228
228.767	281.311
228.532	281.394
228.296	281.476
228.06	281.558
227.823	281.639
227.587	281.719
227.35	281.799
227.113	281.878
226.876	281.956
226.638	282.033
226.401	282.11
226.163	282.186
225.925	282.262
225.686	282.336
225.448	282.41
225.209	282.484
224.97	282.556
224.731	282.628
224.492	282.7
224.252	282.77
224.012	282.84
223.772	282.909
223.532	282.978
223.292	283.046
223.051	283.113
222.81	283.179
222.569	283.245
222.328	283.31
222.087	283.374
221.845	283.438
221.603	283.501
221.362	283.563
221.119	283.624
220.877	283.685
220.635	283.745
220.392	283.805
220.149	283.863
219.906	283.921
219.663	283.979
219.42	284.035
219.177	284.091
218.933	284.146
218.689	284.201
218.445	284.255
218.201	284.308
217.957	284.36
217.713	284.412
217.468	284.463
217.224	284.513
216.979	284.562
216.734	284.611
216.489	284.659
216.243	284.707
215.998	284.753
215.753	284.799
215.507	284.845
215.261	284.889
215.015	284.933
214.769	284.976
214.523	285.018
214.277	285.06
214.03	285.101
213.784	285.141
213.537	285.181
213.291	285.22
213.044	285.258
212.797	285.295
212.55	285.332
212.303	285.368
212.055	285.403
211.808	285.438
211.561	285.472
211.313	285.505
211.065	285.537
210.818	285.569
210.57	285.6
210.322	285.63
210.074	285.66
209.826	285.689
209.577	285.717
209.329	285.744
209.081	285.771
208.832	285.797
208.584	285.822
208.335	285.846
208.087	285.87
207.838	285.893
207.589	285.915
207.34	285.937
207.092	285.958
206.843	285.978
206.594	285.998
206.345	286.016
206.095	286.034
205.846	286.052
205.597	286.068
205.348	286.084
205.098	286.099
204.849	286.114
204.6	286.127
204.35	286.14
204.101	286.152
203.851	286.164
203.602	286.175
203.352	286.185
203.103	286.194
202.853	286.203
202.603	286.211
202.354	286.218
202.104	286.224
201.854	286.23
201.605	286.235
201.355	286.239
201.105	286.243
200.855	286.246
200.606	286.248
200.356	286.249
200.106	286.25
199.856	286.25
199.606	286.249
199.357	286.248
199.107	286.245
198.857	286.242
198.607	286.239
198.358	286.234
198.108	286.229
197.858	286.223
197.609	286.217
197.359	286.21
197.109	286.202
196.86	286.193
196.61	286.183
196.361	286.173
196.111	286.162
195.862	286.151
195.612	286.138
195.363	286.125
195.113	286.111
194.864	286.097
194.615	286.082
194.365	286.066
194.116	286.049
193.867	286.032
193.618	286.014
193.369	285.995
193.12	285.975
192.871	285.955
192.622	285.934
192.373	285.912
192.124	285.89
191.876	285.867
191.627	285.843
191.378	285.818
191.13	285.793
190.882	285.767
190.633	285.74
190.385	285.712
190.137	285.684
189.889	285.655
189.641	285.626
189.393	285.595
189.145	285.564
188.897	285.532
188.65	285.5
188.402	285.467
188.155	285.433
187.907	285.398
187.66	285.363
187.413	285.327
187.166	285.29
186.919	285.252
186.672	285.214
186.425	285.175
186.179	285.135
185.932	285.095
185.686	285.054
185.44	285.012
185.194	284.97
184.948	284.926
184.702	284.882
184.456	284.838
184.21	284.792
183.965	284.746
183.719	284.7
183.474	284.652
183.229	284.604
182.984	284.555
182.739	284.505
182.495	284.455
182.25	284.404
182.006	284.352
181.762	284.3
181.518	284.246
181.274	284.193
181.03	284.138
180.787	284.083
180.543	284.027
180.3	283.97
180.057	283.913
179.814	283.855
179.571	283.796
179.329	283.736
179.086	283.676
178.844	283.615
178.602	283.553
178.36	283.491
178.118	283.428
177.877	283.364
177.635	283.3
177.394	283.235
177.153	283.169
176.913	283.103
176.672	283.035
176.432	282.967
176.192	282.899
175.952	282.83
175.712	282.76
175.472	282.689
175.233	282.618
174.994	282.545
174.755	282.473
174.516	282.399
174.278	282.325
174.039	282.25
173.801	282.175
173.563	282.099
173.326	282.022
173.088	281.944
172.851	281.866
172.614	281.787
172.377	281.707
172.141	281.627
171.905	281.546
171.669	281.464
171.433	281.382
171.197	281.299
170.962	281.215
170.727	281.13
170.492	281.045
170.258	280.96
170.023	280.873
169.789	280.786
169.555	280.698
169.322	280.61
169.088	280.52
168.855	280.431
168.623	280.34
168.39	280.249
168.158	280.157
167.926	280.064
167.694	279.971
167.463	279.877
167.232	279.783
167.001	279.688
166.77	279.592
166.54	279.495
166.31	279.398
166.08	279.3
165.85	279.201
165.621	279.102
165.392	279.002
165.163	278.902
164.935	278.801
164.707	278.699
164.479	278.596
164.252	278.493
164.025	278.389
163.798	278.285
163.571	278.179
163.345	278.074
163.119	277.967
162.894	277.86
162.668	277.752
162.443	277.644
162.219	277.535
161.994	277.425
161.77	277.315
161.546	277.203
161.323	277.092
161.1	276.979
160.877	276.867
160.655	276.753
160.433	276.639
160.211	276.524
159.989	276.408
159.768	276.292
159.547	276.175
159.327	276.058
159.107	275.94
158.887	275.821
158.668	275.701
158.449	275.581
158.23	275.461
158.012	275.34
157.794	275.218
157.576	275.095
157.359	274.972
157.142	274.848
156.925	274.724
156.709	274.599
156.493	274.473
156.278	274.347
156.063	274.22
155.848	274.092
155.634	273.964
155.42	273.835
155.206	273.706
154.993	273.576
154.78	273.445
154.567	273.314
154.355	273.182
154.143	273.05
153.932	272.916
153.721	272.783
153.511	272.648
153.3	272.513
153.091	272.378
152.881	272.242
152.672	272.105
152.464	271.968
152.255	271.83
152.048	271.691
151.84	271.552
151.633	271.412
151.427	271.272
151.22	271.131
151.015	270.989
150.809	270.847
150.604	270.704
150.4	270.561
150.196	270.417
149.992	270.273
149.789	270.128
149.586	269.982
149.383	269.836
149.181	269.689
148.98	269.541
148.778	269.393
148.578	269.245
148.377	269.095
148.178	268.946
147.978	268.795
147.779	268.644
147.58	268.493
147.382	268.341
147.185	268.188
146.987	268.035
146.791	267.881
146.594	267.727
146.398	267.572
146.203	267.416
146.008	267.26
145.813	267.103
145.619	266.946
145.426	266.788
145.232	266.63
145.04	266.471
144.847	266.312
144.656	266.152
144.464	265.991
144.273	265.83
144.083	265.669
143.893	265.506
143.704	265.344
143.515	265.18
143.326	265.016
143.138	264.852
142.951	264.687
142.763	264.522
142.577	264.356
142.391	264.189
142.205	264.022
142.02	263.854
141.835	263.686
141.651	263.517
141.467	263.348
141.284	263.178
141.101	263.008
140.919	262.837
140.738	262.666
140.556	262.494
140.376	262.322
140.195	262.149
140.016	261.975
139.836	261.801
139.658	261.627
139.479	261.452
139.302	261.276
139.125	261.1
138.948	260.924
138.772	260.747
138.596	260.569
138.421	260.391
138.246	260.212
138.072	260.033
137.899	259.854
137.726	259.674
137.553	259.493
137.381	259.312
137.209	259.13
137.038	258.948
136.868	258.766
136.698	258.583
136.529	258.399
136.36	258.215
136.192	258.031
136.024	257.846
135.857	257.66
135.69	257.474
135.524	257.288
135.358	257.101
135.193	256.913
135.028	256.725
134.864	256.537
134.701	256.348
134.538	256.159
134.376	255.969
134.214	255.779
134.053	255.588
133.892	255.397
133.732	255.205
133.572	255.013
133.413	254.82
133.255	254.627
133.097	254.434
132.939	254.24
132.783	254.045
132.626	253.85
132.471	253.655
132.316	253.459
132.161	253.263
132.007	253.066
131.854	252.869
131.701	252.672
131.549	252.474
131.397	252.275
131.246	252.076
131.095	251.877
130.946	251.677
130.796	251.477
130.647	251.276
130.499	251.075
130.352	250.874
130.205	250.672
130.058	250.47
129.912	250.267
129.767	250.064
129.622	249.86
129.478	249.656
129.335	249.452
129.192	249.247
129.049	249.042
128.908	248.836
128.767	248.63
128.626	248.423
128.486	248.217
128.347	248.009
128.208	247.802
128.07	247.593
127.932	247.385
127.796	247.176
127.659	246.967
127.524	246.757
127.388	246.547
127.254	246.336
127.12	246.126
126.987	245.914
126.854	245.703
126.722	245.491
126.591	245.278
126.46	245.066
126.33	244.852
126.2	244.639
126.071	244.425
125.943	244.211
125.815	243.996
125.688	243.781
125.561	243.566
125.436	243.35
125.31	243.134
125.186	242.917
125.062	242.701
124.938	242.483
124.816	242.266
124.694	242.048
124.572	241.83
124.451	241.611
124.331	241.392
124.212	241.173
124.093	240.953
123.975	240.733
123.857	240.513
123.74	240.292
123.624	240.071
123.508	239.85
123.393	239.628
123.278	239.406
123.164	239.184
123.051	238.961
122.939	238.738
122.827	238.515
122.716	238.291
122.605	238.067
122.495	237.843
122.386	237.618
122.277	237.393
122.169	237.168
122.062	236.943
121.955	236.717
121.849	236.491
121.744	236.264
121.639	236.037
121.535	235.81
121.432	235.583
121.329	235.355
121.227	235.127
121.126	234.899
121.025	234.67
120.925	234.442
120.826	234.212
120.727	233.983
120.629	233.753
120.531	233.523
120.435	233.293
120.339	233.062
120.243	232.832
120.148	232.601
120.054	232.369
119.961	232.138
119.868	231.906
119.776	231.673
119.685	231.441
119.594	231.208
119.504	230.975
119.415	230.742
119.326	230.509
119.238	230.275
119.151	230.041
119.064	229.807
118.978	229.572
118.893	229.337
118.808	229.102
118.724	228.867
118.641	228.632
118.558	228.396
118.476	228.16
118.395	227.924
118.315	227.687
118.235	227.451
118.156	227.214
118.077	226.977
118	226.739
117.922	226.502
117.846	226.264
117.77	226.026
117.695	225.788
117.621	225.549
117.547	225.31
117.474	225.072
117.402	224.832
117.331	224.593
117.26	224.354
117.189	224.114
117.12	223.874
117.051	223.634
116.983	223.394
116.916	223.153
116.849	222.912
116.783	222.672
116.718	222.43
116.653	222.189
116.589	221.948
116.526	221.706
116.463	221.464
116.402	221.222
116.341	220.98
116.28	220.738
116.22	220.495
116.161	220.252
116.103	220.01
116.046	219.767
115.989	219.523
115.933	219.28
115.877	219.036
115.822	218.793
115.768	218.549
115.715	218.305
115.662	218.061
115.61	217.816
115.559	217.572
115.508	217.327
115.459	217.083
115.41	216.838
115.361	216.593
115.313	216.348
115.266	216.102
115.22	215.857
115.175	215.611
115.13	215.366
115.086	215.12
115.042	214.874
114.999	214.628
114.957	214.381
114.916	214.135
114.876	213.889
114.836	213.642
114.797	213.395
114.758	213.149
114.72	212.902
114.683	212.655
114.647	212.408
114.612	212.16
114.577	211.913
114.543	211.666
114.509	211.418
114.476	211.17
114.444	210.923
114.413	210.675
114.383	210.427
114.353	210.179
114.324	209.931
114.295	209.683
114.268	209.435
114.241	209.186
114.214	208.938
114.189	208.689
114.164	208.441
114.14	208.192
114.117	207.944
114.094	207.695
114.072	207.446
114.051	207.197
114.03	206.948
114.011	206.699
113.992	206.45
113.973	206.201
113.956	205.952
113.939	205.703
113.923	205.454
113.907	205.204
113.892	204.955
113.878	204.706
113.865	204.456
113.853	204.207
113.841	203.957
113.83	203.708
113.819	203.458
113.81	203.209
113.801	202.959
113.793	202.709
113.785	202.46
113.778	202.21
113.772	201.96
113.767	201.711
113.762	201.461
113.759	201.211
113.755	200.961
113.753	200.712
113.751	200.462
113.75	200.212
113.75	199.962
113.75	199.712
113.752	199.463
113.754	199.213
113.756	198.963
113.76	198.713
113.764	198.464
113.768	198.214
113.774	197.964
113.78	197.715
113.787	197.465
113.795	197.215
113.803	196.966
113.813	196.716
113.822	196.466
113.833	196.217
113.844	195.967
113.856	195.718
113.869	195.468
113.883	195.219
113.897	194.97
113.912	194.72
113.927	194.471
113.944	194.222
113.961	193.973
113.979	193.724
113.997	193.474
114.016	193.225
114.036	192.976
114.057	192.728
114.079	192.479
114.101	192.23
114.124	191.981
114.147	191.733
114.171	191.484
114.196	191.235
114.222	190.987
114.249	190.739
114.276	190.49
114.304	190.242
114.332	189.994
114.362	189.746
114.392	189.498
114.423	189.25
114.454	189.002
114.486	188.755
114.519	188.507
114.553	188.26
114.587	188.012
114.622	187.765
114.658	187.518
114.695	187.271
114.732	187.024
114.77	186.777
114.808	186.53
114.848	186.283
114.888	186.037
114.929	185.79
114.97	185.544
115.012	185.298
115.055	185.052
115.099	184.806
115.143	184.56
115.188	184.315
115.234	184.069
115.281	183.824
115.328	183.578
115.376	183.333
115.424	183.088
115.474	182.843
115.524	182.599
115.574	182.354
115.626	182.11
115.678	181.865
115.731	181.621
115.784	181.377
115.839	181.134
115.894	180.89
115.949	180.646
116.006	180.403
116.063	180.16
116.121	179.917
116.179	179.674
116.238	179.431
116.298	179.189
116.359	178.947
116.42	178.705
116.482	178.463
116.545	178.221
116.608	177.979
116.673	177.738
116.737	177.497
116.803	177.256
116.869	177.015
116.936	176.774
117.004	176.534
117.072	176.293
117.141	176.053
117.211	175.814
117.281	175.574
117.352	175.334
117.424	175.095
117.496	174.856
117.57	174.617
117.643	174.379
117.718	174.14
117.793	173.902
117.869	173.664
117.946	173.427
118.023	173.189
118.101	172.952
118.18	172.715
118.259	172.478
118.339	172.241
118.42	172.005
118.501	171.769
118.583	171.533
118.666	171.297
118.749	171.062
118.834	170.827
118.918	170.592
119.004	170.357
119.09	170.123
119.177	169.888
119.265	169.655
119.353	169.421
119.442	169.187
119.531	168.954
119.621	168.721
119.712	168.489
119.804	168.256
119.896	168.024
119.989	167.792
120.083	167.561
120.177	167.33
120.272	167.099
120.368	166.868
120.464	166.637
120.561	166.407
120.658	166.177
120.757	165.948
120.856	165.718
120.955	165.489
121.056	165.261
121.156	165.032
121.258	164.804
121.36	164.576
121.463	164.348
121.567	164.121
121.671	163.894
121.776	163.667
121.881	163.441
121.988	163.215
122.094	162.989
122.202	162.764
122.31	162.539
122.419	162.314
122.528	162.089
122.639	161.865
122.749	161.641
122.861	161.418
122.973	161.195
123.085	160.972
123.199	160.749
123.313	160.527
123.427	160.305
123.543	160.083
123.659	159.862
123.775	159.641
123.892	159.421
124.01	159.2
124.129	158.98
124.248	158.761
124.368	158.542
124.488	158.323
124.609	158.104
124.731	157.886
124.853	157.668
124.976	157.451
125.099	157.234
125.223	157.017
125.348	156.801
125.474	156.585
125.6	156.369
125.726	156.154
125.854	155.939
125.981	155.724
126.11	155.51
126.239	155.297
126.369	155.083
126.499	154.87
126.63	154.657
126.762	154.445
126.894	154.233
127.027	154.022
127.16	153.811
127.295	153.6
127.429	153.39
127.564	153.18
127.7	152.97
127.837	152.761
127.974	152.552
128.112	152.344
128.25	152.136
128.389	151.928
128.528	151.721
128.668	151.514
128.809	151.308
128.951	151.102
129.092	150.896
129.235	150.691
129.378	150.486
129.522	150.282
129.666	150.078
129.811	149.875
129.956	149.672
130.102	149.469
130.249	149.267
130.396	149.065
130.544	148.864
130.692	148.663
130.841	148.462
130.991	148.262
131.141	148.063
131.292	147.863
131.443	147.665
131.595	147.466
131.747	147.269
131.9	147.071
132.054	146.874
132.208	146.678
132.363	146.481
132.518	146.286
132.674	146.091
132.83	145.896
132.987	145.702
133.144	145.508
133.303	145.314
133.461	145.121
133.62	144.929
133.78	144.737
133.94	144.545
134.101	144.354
134.263	144.164
134.425	143.974
134.587	143.784
134.75	143.595
134.914	143.406
135.078	143.218
135.243	143.03
135.408	142.843
135.574	142.656
135.74	142.47
135.907	142.284
136.074	142.098
136.242	141.914
136.411	141.729
136.58	141.545
136.749	141.362
136.92	141.179
137.09	140.997
137.261	140.815
137.433	140.633
137.605	140.452
137.778	140.272
137.951	140.092
138.125	139.912
138.299	139.733
138.474	139.555
138.649	139.377
138.825	139.2
139.001	139.023
139.178	138.846
139.355	138.671
139.533	138.495
139.712	138.32
139.891	138.146
140.07	137.972
140.25	137.799
140.43	137.626
140.611	137.454
140.792	137.282
140.974	137.111
141.157	136.94
141.34	136.77
141.523	136.601
141.707	136.432
141.891	136.263
142.076	136.095
142.261	135.927
142.447	135.761
142.633	135.594
142.82	135.428
143.007	135.263
143.195	135.098
143.383	134.934
143.572	134.77
143.761	134.607
143.95	134.445
144.141	134.283
144.331	134.121
144.522	133.96
144.714	133.8
144.906	133.64
145.098	133.481
145.291	133.322
145.484	133.164
145.678	133.006
145.872	132.849
146.067	132.693
146.262	132.537
146.458	132.381
146.654	132.227
146.85	132.072
147.047	131.919
147.244	131.766
147.442	131.613
147.64	131.461
147.839	131.31
148.038	131.159
148.238	131.009
148.438	130.859
148.638	130.71
148.839	130.562
149.04	130.414
149.242	130.267
149.444	130.12
149.647	129.974
149.85	129.829
150.053	129.684
150.257	129.539
150.461	129.396
150.666	129.252
150.871	129.11
151.077	128.968
151.283	128.826
151.489	128.686
151.696	128.545
151.903	128.406
152.11	128.267
152.318	128.129
152.527	127.991
152.735	127.854
152.944	127.717
153.154	127.581
153.364	127.446
153.574	127.311
153.785	127.177
153.996	127.043
154.207	126.91
154.419	126.778
154.631	126.646
154.844	126.515
155.057	126.385
155.27	126.255
155.484	126.126
155.698	125.997
155.913	125.869
156.128	125.742
156.343	125.615
156.558	125.489
156.774	125.363
156.991	125.239
157.207	125.114
157.424	124.991
157.642	124.868
157.86	124.745
158.078	124.624
158.296	124.503
158.515	124.382
158.734	124.262
158.954	124.143
159.173	124.025
159.394	123.907
159.614	123.789
159.835	123.673
160.056	123.557
160.278	123.441
160.5	123.327
160.722	123.213
160.944	123.099
161.167	122.986
161.39	122.874
161.614	122.763
161.838	122.652
162.062	122.542
162.286	122.432
162.511	122.323
162.736	122.215
162.962	122.108
163.187	122.001
163.413	121.894
163.64	121.789
163.866	121.684
164.093	121.579
164.321	121.476
164.548	121.373
164.776	121.271
165.004	121.169
165.233	121.068
165.461	120.967
165.69	120.868
165.92	120.769
166.149	120.67
166.379	120.573
166.609	120.476
166.84	120.379
167.07	120.284
167.301	120.189
167.533	120.094
167.764	120.001
167.996	119.908
168.228	119.815
168.46	119.724
168.693	119.633
168.926	119.542
169.159	119.453
169.392	119.364
169.626	119.275
169.86	119.188
170.094	119.101
170.328	119.014
170.563	118.929
170.798	118.844
171.033	118.76
171.268	118.676
171.504	118.593
171.74	118.511
171.976	118.43
172.212	118.349
172.449	118.269
172.686	118.189
172.923	118.111
173.16	118.032
173.398	117.955
173.635	117.878
173.873	117.802
174.111	117.727
174.35	117.652
174.588	117.578
174.827	117.505
175.066	117.433
175.305	117.361
175.545	117.29
175.784	117.219
176.024	117.149
176.264	117.08
176.504	117.012
176.745	116.944
176.985	116.877
177.226	116.811
177.467	116.745
177.708	116.68
177.95	116.616
178.191	116.553
178.433	116.49
178.675	116.428
178.917	116.366
179.159	116.306
179.402	116.246
179.644	116.186
179.887	116.128
180.13	116.07
180.373	116.013
180.617	115.956
180.86	115.9
181.104	115.845
181.348	115.791
181.591	115.737
181.836	115.684
182.08	115.632
182.324	115.581
182.569	115.53
182.813	115.48
183.058	115.43
183.303	115.382
183.548	115.334
183.794	115.286
184.039	115.24
184.285	115.194
184.53	115.149
184.776	115.104
185.022	115.061
185.268	115.017
185.514	114.975
185.76	114.934
186.007	114.893
186.253	114.853
186.5	114.813
186.747	114.774
186.994	114.736
187.24	114.699
187.488	114.662
187.735	114.627
187.982	114.591
188.229	114.557
188.477	114.523
188.724	114.49
188.972	114.458
189.22	114.426
189.468	114.395
189.716	114.365
189.964	114.336
190.212	114.307
190.46	114.279
190.708	114.252
190.957	114.225
191.205	114.2
191.454	114.174
191.702	114.15
191.951	114.126
192.2	114.103
192.448	114.081
192.697	114.06
192.946	114.039
193.195	114.019
193.444	114
193.693	113.981
193.942	113.963
194.191	113.946
194.441	113.929
194.69	113.914
194.939	113.899
195.189	113.884
195.438	113.871
195.687	113.858
195.937	113.846
196.186	113.834
196.436	113.824
196.686	113.814
196.935	113.804
197.185	113.796
197.434	113.788
197.684	113.781
197.934	113.775
198.183	113.769
198.433	113.764
198.683	113.76
198.933	113.757
199.182	113.754
199.432	113.752
199.682	113.751
199.932	113.75
200.182	113.75
200.431	113.751
200.681	113.753
200.931	113.755
201.181	113.758
201.43	113.762
201.68	113.766
201.93	113.772
202.179	113.778
202.429	113.784
202.679	113.792
202.928	113.8
203.178	113.809
203.428	113.818
203.677	113.828
203.927	113.839
204.176	113.851
204.426	113.864
204.675	113.877
204.924	113.891
205.174	113.905
205.423	113.921
205.672	113.937
205.922	113.954
206.171	113.971
206.42	113.989
206.669	114.008
206.918	114.028
207.167	114.048
207.416	114.069
207.664	114.091
207.913	114.114
208.162	114.137
208.411	114.161
208.659	114.186
208.908	114.211
209.156	114.237
209.404	114.264
209.652	114.292
209.901	114.32
210.149	114.349
210.397	114.379
210.645	114.409
210.892	114.441
211.14	114.472
211.388	114.505
211.635	114.538
211.883	114.572
212.13	114.607
212.377	114.643
212.624	114.679
212.871	114.716
213.118	114.753
213.365	114.792
213.612	114.831
213.859	114.871
214.105	114.911
214.351	114.952
214.598	114.994
214.844	115.037
215.09	115.08
215.335	115.124
215.581	115.169
215.827	115.215
216.072	115.261
216.318	115.308
216.563	115.355
216.808	115.404
217.053	115.453
217.298	115.502
217.542	115.553
217.787	115.604
218.031	115.656
218.275	115.708
218.519	115.762
218.763	115.816
219.007	115.87
219.25	115.926
219.494	115.982
219.737	116.039
219.98	116.096
220.223	116.154
220.466	116.213
220.708	116.273
220.95	116.333
221.193	116.394
221.435	116.456
221.677	116.518
221.918	116.581
222.16	116.645
222.401	116.71
222.642	116.775
222.883	116.841
223.124	116.908
223.364	116.975
223.605	117.043
223.845	117.112
224.085	117.181
224.324	117.251
224.564	117.322
224.803	117.393
225.042	117.465
225.281	117.538
225.52	117.612
225.758	117.686
225.997	117.761
226.235	117.837
226.473	117.913
226.71	117.99
226.948	118.068
227.185	118.146
227.422	118.225
227.658	118.305
227.895	118.385
228.131	118.467
228.367	118.548
228.603	118.631
228.838	118.714
229.074	118.798
229.309	118.882
229.543	118.968
229.778	119.053
230.012	119.14
230.246	119.227
230.48	119.315
230.714	119.404
230.947	119.493
231.18	119.583
231.413	119.674
231.645	119.765
231.877	119.857
232.109	119.95
232.341	120.043
232.572	120.137
232.803	120.232
233.034	120.327
233.265	120.423
233.495	120.52
233.725	120.617
233.955	120.715
234.184	120.814
234.414	120.913
234.642	121.013
234.871	121.114
235.099	121.215
235.327	121.317
235.555	121.419
235.782	121.523
236.01	121.627
236.236	121.731
236.463	121.837
236.689	121.942
236.915	122.049
237.141	122.156
237.366	122.264
237.591	122.373
237.815	122.482
238.04	122.592
238.264	122.702
238.487	122.813
238.711	122.925
238.934	123.038
239.157	123.151
239.379	123.264
239.601	123.379
239.823	123.494
240.044	123.609
240.265	123.726
240.486	123.843
240.706	123.96
240.926	124.078
241.146	124.197
241.365	124.317
241.584	124.437
241.803	124.557
242.021	124.679
242.239	124.801
242.457	124.923
242.674	125.047
242.891	125.171
243.107	125.295
243.324	125.42
243.539	125.546
243.755	125.672
243.97	125.799
244.185	125.927
244.399	126.055
244.613	126.184
244.826	126.314
245.04	126.444
245.252	126.575
245.465	126.706
245.677	126.838
245.889	126.971
246.1	127.104
246.311	127.238
246.521	127.372
246.731	127.507
246.941	127.643
247.15	127.779
247.359	127.916
247.568	128.053
247.776	128.191
247.984	128.33
248.191	128.469
248.398	128.609
248.605	128.749
248.811	128.89
249.017	129.032
249.222	129.174
249.427	129.317
249.631	129.461
249.835	129.605
250.039	129.749
250.242	129.894
250.445	130.04
250.647	130.187
250.849	130.334
251.051	130.481
251.252	130.629
251.453	130.778
251.653	130.927
251.853	131.077
252.052	131.228
252.251	131.379
252.449	131.53
252.648	131.682
252.845	131.835
253.042	131.988
253.239	132.142
253.435	132.297
253.631	132.452
253.827	132.607
254.022	132.764
254.216	132.92
254.41	133.078
254.604	133.235
254.797	133.394
254.989	133.553
255.182	133.712
255.373	133.872
255.565	134.033
255.755	134.194
255.946	134.356
256.136	134.518
256.325	134.681
256.514	134.844
256.702	135.008
256.89	135.173
257.078	135.338
257.265	135.503
257.451	135.67
257.637	135.836
257.823	136.003
258.008	136.171
258.193	136.339
258.377	136.508
258.56	136.677
258.743	136.847
258.926	137.018
259.108	137.189
259.29	137.36
259.471	137.532
259.652	137.704
259.832	137.877
260.011	138.051
260.191	138.225
260.369	138.4
260.547	138.575
260.725	138.75
260.902	138.926
261.079	139.103
261.255	139.28
261.43	139.458
261.605	139.636
261.78	139.815
261.954	139.994
262.128	140.173
262.301	140.354
262.473	140.534
262.645	140.715
262.816	140.897
262.987	141.079
263.158	141.262
263.327	141.445
263.497	141.629
263.666	141.813
263.834	141.997
264.002	142.182
264.169	142.368
264.335	142.554
264.501	142.741
264.667	142.928
264.832	143.115
264.996	143.303
265.16	143.492
265.324	143.681
265.486	143.87
265.649	144.06
265.81	144.25
265.972	144.441
266.132	144.632
266.292	144.824
266.452	145.016
266.611	145.209
266.769	145.402
266.927	145.596
267.084	145.79
267.241	145.984
267.397	146.179
267.553	146.374
267.708	146.57
267.862	146.767
268.016	146.963
268.169	147.161
268.322	147.358
268.474	147.556
268.626	147.755
268.777	147.954
268.927	148.153
269.077	148.353
269.226	148.553
269.375	148.754
269.523	148.955
269.671	149.157
269.818	149.359
269.964	149.561
270.11	149.764
270.255	149.967
270.4	150.171
270.544	150.375
270.687	150.579
270.83	150.784
270.972	150.989
271.114	151.195
271.255	151.401
271.395	151.608
271.535	151.815
271.674	152.022
271.813	152.23
271.951	152.438
272.088	152.647
272.225	152.856
272.361	153.065
272.497	153.275
272.632	153.485
272.766	153.695
272.9	153.906
273.033	154.118
273.166	154.329
273.298	154.541
273.429	154.754
273.56	154.967
273.69	155.18
273.819	155.393
273.948	155.607
274.077	155.822
274.204	156.036
274.331	156.251
274.458	156.467
274.583	156.683
274.708	156.899
274.833	157.115
274.957	157.332
275.08	157.55
275.203	157.767
275.325	157.985
275.446	158.203
275.567	158.422
275.687	158.641
275.806	158.86
275.925	159.08
276.043	159.3
276.161	159.521
276.278	159.741
276.394	159.962
276.51	160.184
276.625	160.405
276.739	160.628
276.853	160.85
276.966	161.073
277.078	161.296
277.19	161.519
277.301	161.743
277.411	161.967
277.521	162.191
277.63	162.416
277.739	162.641
277.847	162.866
277.954	163.092
278.061	163.317
278.166	163.544
278.272	163.77
278.376	163.997
278.48	164.224
278.584	164.452
278.686	164.679
278.788	164.907
278.889	165.136
278.99	165.364
279.09	165.593
279.189	165.822
279.288	166.052
279.386	166.281
279.483	166.512
279.58	166.742
279.676	166.972
279.771	167.203
279.866	167.434
279.96	167.666
280.053	167.898
280.146	168.129
280.238	168.362
280.329	168.594
280.42	168.827
280.509	169.06
280.599	169.293
280.687	169.527
280.775	169.761
280.862	169.995
280.949	170.229
281.035	170.463
281.12	170.698
281.205	170.933
281.288	171.169
281.372	171.404
281.454	171.64
281.536	171.876
281.617	172.112
281.697	172.349
281.777	172.585
281.856	172.822
281.935	173.059
282.012	173.297
282.089	173.534
282.165	173.772
282.241	174.01
282.316	174.248
282.39	174.487
282.464	174.726
282.537	174.965
282.609	175.204
282.68	175.443
282.751	175.683
282.821	175.922
282.89	176.162
282.959	176.402
283.027	176.643
283.094	176.883
283.161	177.124
283.227	177.365
283.292	177.606
283.357	177.847
283.42	178.089
283.483	178.33
283.546	178.572
283.608	178.814
283.669	179.057
283.729	179.299
283.788	179.541
283.847	179.784
283.906	180.027
283.963	180.27
284.02	180.513
284.076	180.757
284.131	181
284.186	181.244
284.24	181.488
284.293	181.732
284.346	181.976
284.398	182.22
284.449	182.465
284.499	182.71
284.549	182.954
284.598	183.199
284.646	183.444
284.694	183.69
284.741	183.935
284.787	184.18
284.832	184.426
284.877	184.672
284.921	184.917
284.964	185.163
285.007	185.41
285.049	185.656
285.09	185.902
285.131	186.149
285.17	186.395
285.209	186.642
285.248	186.889
285.285	187.136
285.322	187.383
285.358	187.63
285.394	187.877
285.429	188.124
285.463	188.372
285.496	188.619
285.528	188.867
285.56	189.115
285.592	189.363
285.622	189.61
285.652	189.858
285.681	190.107
285.709	190.355
285.737	190.603
285.763	190.851
285.79	191.1
285.815	191.348
285.84	191.597
285.864	191.845
285.887	192.094
285.909	192.343
285.931	192.592
285.952	192.84
285.973	193.089
285.992	193.338
286.011	193.587
286.029	193.837
286.047	194.086
286.064	194.335
286.08	194.584
286.095	194.833
286.11	195.083
286.124	195.332
286.137	195.582
286.149	195.831
286.161	196.081
286.172	196.33
286.182	196.58
286.192	196.829
286.201	197.079
286.209	197.328
286.216	197.578
286.223	197.828
286.229	198.077
286.234	198.327
286.238	198.577
286.242	198.827
286.245	199.076
286.247	199.326
286.249	199.576
286.25	199.826
